0 -1.0 0.11253958185415311 0.6921638178575906 
1 0.12816212356079065 0.19026008287035354 -0.007071686232223066 
2 0.23025976018221753 -0.13560156386134742 -0.18228225152147273 
3 -0.20409435547844892 0.19947879741667546 0.19914512149934488 
4 0.25975718128905556 0.30418160344701056 0.1833848783753256 
5 -0.7805837948571479 0.15602190466904087 0.559692240116401 
6 0.42180201615185436 -0.9440754972419878 -0.5786507266435781 
7 0.4610184850486651 0.6410933204615101 -0.2843713440252655 
8 -0.5091591967386443 0.18628237939760325 0.3911716005488832 
9 0.37447229745582805 -0.717078647853558 -0.4704293799602012 
10 0.3050701573145929 0.4473455839991897 -0.16519007304762934 
11 0.3132953260712366 -0.4404475451586433 -0.3375621969671764 
